30
6
5 2 4 6 3 1
6
2 4 8 16 32 64
3
1 1 1
3
200000 200000 200000
200
0 0 0 0 0 0 0 0 0 0 0 0 0 0 0 0 0 0 0 0 0 0 0 0 0 0 0 0 0 0 0 0 0 0 0 0 0 0 0 0 0 0 0 0 0 0 0 0 0 0 0 0 0 0 0 0 0 0 0 0 0 0 0 0 0 0 0 0 0 0 0 0 0 0 0 0 0 0 0 0 0 0 0 0 0 0 0 0 0 0 0 0 0 0 0 0 0 0 0 0 0 0 0 0 0 0 0 0 0 0 0 0 0 0 0 0 0 0 0 0 0 0 0 0 0 0 0 0 0 0 0 0 0 0 0 0 0 0 0 0 0 0 0 0 0 0 0 0 0 0 0 0 0 0 0 0 0 0 0 0 0 0 0 0 0 0 0 0 0 0 0 0 0 0 0 0 0 0 0 0 0 0 0 0 0 0 0 0 0 0 0 0 0 0 0 0 0 0 0 0
200
113462 169605 99016 17760 170225 184407 25471 109165 23370 129179 60781 189730 185342 100676 188511 189882 71156 163604 26804 103890 137813 175325 117866 144847 98731 56933 106714 67997 94278 4275 52451 155675 3847 48281 7961 156735 27975 189300 40403 60729 38727 137932 75366 196952 7733 106693 9838 151731 98853 160466 118760 126835 160031 9013 128128 35084 174266 40774 115303 69841 65238 24508 50357 83864 185607 18874 175221 128306 189385 29832 94227 175111 153904 1585 197547 32570 179416 14042 130123 91014 146582 192374 82516 144665 48220 33986 32483 44272 148994 170106 127004 106625 191482 16160 114596 115048 30265 64179 180039 29547 136462 67785 106920 82936 172941 4642 153550 135509 96016 55801 56389 164320 94681 31661 174982 178349 7393 183733 152155 31437 171715 135512 154991 4391 116715 13868 85041 137721 33990 156976 131052 39527 144412 75424 191985 100694 68661 30209 34239 18842 174687 163309 83972 121641 160414 3030 165950 135828 2649 24186 118794 36250 138396 67439 113524 56918 168698 188888 13078 65218 161472 66266 76392 143224 168237 112367 380 31717 175304 193121 151422 138878 61305 126813 143042 151126 67423 161307 62729 89936 37195 85363 189849 99266 11110 92106 159877 152131 29799 83288 143542 193370 69671 136578 196459 143404 132542 156052 184844 109328
200
51152 17112 73600 67528 13432 28152 21344 9752 11592 81696 12696 67712 80342 26877 115600 106063 21097 44217 33524 15317 18207 128316 19941 106352 43090 14415 62000 56885 11315 23715 17980 8215 9765 68820 10695 57040 47260 15810 68000 62390 12410 26010 19720 9010 10710 75480 11730 62560 64218 21483 92400 84777 16863 35343 26796 12243 14553 102564 15939 85008 28634 9579 41200 37801 7519 15759 11948 5459 6489 45732 7107 37904 59770 19995 86000 78905 15695 32895 24940 11395 13545 95460 14835 79120 86180 28830 124000 113770 22630 47430 35960 16430 19530 137640 21390 114080 86458 28923 124400 114137 22703 47583 36076 16483 19593 138084 21459 114448 31970 10695 46000 42205 8395 17595 13340 6095 7245 51060 7935 42320 114536 38316 164800 151204 30076 63036 47792 21836 25956 182928 28428 151616 110088 36828 158400 145332 28908 60588 45936 20988 24948 175824 27324 145728 184 289 155 170 231 103 215 310 311 115 412 396 278 93 400 367 73 153 116 53 63 444 69 368 38716 150251 28601 172424 173369 29987 14751 135946 57222 27804 182543 93738 184222 20932 101624 177788 141953 144235 49492 37482 156802 164453 151787 86118 23966 74471 10054 198863 66867 73988 57290 78963
200
68641 12083 96474 32065 80472 116876 38925 64012 20757 53653 62249 114368 188162 96282 87108 178927 26398 99537 165511 124898 52356 190843 170314 71111 58941 172453 62352 189061 161014 190838 70769 8546 23244 53531 191671 127379 162792 171647 131344 157734 14974 157352 119993 178815 49820 7268 43475 183276 110876 181900 190849 14907 146323 128366 91754 48411 8539 55755 29900 101161 14699 151547 139982 176234 4731 142184 180627 38287 125628 138673 73767 34935 94711 929 104284 65602 147346 150426 192775 158591 171814 129474 122334 59888 31963 128372 74414 169466 13845 158720 22659 104379 174510 189051 117918 50678 132400 185443 135052 145155 132860 111465 62078 135251 19300 85975 52302 188476 195386 25678 10845 8678 170836 51127 196914 53369 131268 139449 183406 182656 148063 152168 126055 121364 115052 172523 17875 180622 113740 9469 84587 173884 153565 81298 72244 82702 71821 182489 17745 103998 86491 141056 149048 1679 115931 153435 50981 163402 189289 85234 9902 54778 28500 179868 51772 126759 41198 90331 116955 131994 113854 157582 154136 147146 9228 186623 44377 43774 67619 156053 111686 31908 6994 193793 20020 187765 82983 4467 124664 1221 31125 181617 142079 174136 94264 100161 159162 167179 107786 193110 129260 172875 67071 175431 172314 38103 118420 70371 92000 76859
200
3740 1640 1860 3820 1680 4660 6460 8640 5400 61523 26978 30597 62839 27636 76657 106267 142128 88830 42075 18450 20925 42975 18900 52425 72675 97200 60750 15521 6806 7719 15853 6972 19339 26809 35856 22410 11781 5166 5859 12033 5292 14679 20349 27216 17010 58531 25666 29109 59783 26292 72929 101099 135216 84510 64328 28208 31992 65704 28896 80152 111112 148608 92880 19448 8528 9672 19864 8736 24232 33592 44928 28080 15334 6724 7626 15662 6888 19106 26486 35424 22140 20 329 225 83 63 313 344 104 82 187 82 93 191 84 233 323 432 270 51275 96524 141510 65447 55252 64609 134778 46518 40058 95845 68555 127153 33698 136825 34738 182063 82400 104607 43846 195924 18678 95252 91202 132481 55302 170185 195929 100916 120140 15889 176575 24394 151172 165253 57216 123089 19946 70263 120299 105322 179535 122922 99645 78057 175878 102110 96055 140713 5203 25937 125248 1253 183432 172655 64345 153127 184565 54142 37856 31837 23439 16469 53582 54880 39731 175095 197550 113451 91506 72001 74155 140616 135048 96674 32571 154383 2569 15480 19379 77283 16199 80257 136703 24254 46628 155303 142867 183480 83052 87144 133196 60991 172366 173662 6096 53687 27248 93924 16399 76486 179116
200
160182 55353 116426 91470 150439 98743 154959 59161 102739 60671 41852 123143 89592 29464 57744 63862 148324 83466 8927 135095 135397 150033 40904 198320 42608 75309 169094 118858 51384 74857 57700 161589 18507 38921 89786 97780 168611 169525 102362 49927 190956 84101 98566 98461 3650 148284 144948 129093 86449 136532 163348 51435 190393 39501 157366 170506 78868 92241 88119 14342 79520 136867 45495 170172 40757 164793 125958 169419 142388 60102 165287 86087 188975 42585 106689 64635 10814 101079 161259 149280 14729 31685 76180 1407 101190 98043 195505 100733 154443 143873 199552 84112 142235 180239 197784 172131 29106 14835 7793 121330 96515 74145 43983 14135 145080 87477 57535 45342 106283 196921 176443 69651 137788 192260 179333 185170 10385 91758 37244 185679 157099 3803 145223 12077 37344 1960 52873 18411 148380 115907 194015 146490 154159 41912 150578 124217 26404 154572 96448 144909 197807 59204 35789 125971 143232 134403 189424 13622 65755 25910 70052 104574 23351 27720 28723 155087 24935 198972 184694 79566 7751 97125 99303 129314 150116 102617 84016 33274 1012 185681 49243 110590 177187 93365 1213 180879 50745 131342 16840 27088 169672 979 129261 94470 135257 70281 27489 103150 118362 188205 95761 185694 82344 194145 131036 62876 138754 118368 137317 138220
200
1 1 1 1 1 1 1 1 1 1 1 1 1 1 1 1 1 1 1 1 1 1 1 1 1 1 1 1 1 1 1 1 1 1 1 1 1 1 1 1 1 1 1 1 1 1 1 1 1 1 1 1 1 1 1 1 1 1 1 1 1 1 1 1 1 1 1 1 1 1 1 1 1 1 1 1 1 1 1 1 1 1 1 1 1 1 1 1 1 1 1 1 1 1 1 1 1 1 1 1 1 1 1 1 1 1 1 1 1 1 1 1 1 1 1 1 1 1 1 1 1 1 1 1 1 1 1 1 1 1 1 1 1 1 1 1 1 1 1 1 1 1 1 1 1 1 1 1 1 1 1 1 1 1 1 1 1 1 1 1 1 1 1 1 1 1 1 1 1 1 1 1 1 1 1 1 1 1 1 1 1 1 1 1 1 1 1 1 1 1 1 1 1 1 1 1 1 1 1 1
200
18624 27904 28416 24768 2688 12224 9280 11136 2816 4992 14336 14272 17600 47433 71068 72372 63081 6846 31133 23635 28362 7172 12714 36512 36349 44825 8439 12644 12876 11223 1218 5539 4205 5046 1276 2262 6496 6467 7975 70713 105948 107892 94041 10206 46413 35235 42282 10692 18954 54432 54189 66825 3492 5232 5328 4644 504 2292 1740 2088 528 936 2688 2676 3300 91665 137340 139860 121905 13230 60165 45675 54810 13860 24570 70560 70245 86625 86136 129056 131424 114552 12432 56536 42920 51504 13024 23088 66304 66008 81400 121347 181812 185148 161379 17514 79647 60465 72558 18348 32526 93408 92991 114675 46560 69760 71040 61920 6720 30560 23200 27840 7040 12480 35840 35680 44000 121056 181376 184704 160992 17472 79456 60320 72384 18304 32448 93184 92768 114400 26481 39676 40404 35217 3822 17381 13195 15834 4004 7098 20384 20293 25025 97776 146496 149184 130032 14112 64176 48720 58464 14784 26208 75264 74928 92400 94866 142136 144744 126162 13692 62266 47270 56724 14344 25428 73024 72698 89650 64 163 29 243 12 315 296 417 160 416 91 336 326 291 436 444 387 42 191 145 174 44 78 224 223 275 46585 95317 8566 2393 5561
200
1 1 0 0 1 1 1 1 0 1 0 0 0 1 1 1 0 0 1 1 0 0 0 1 1 1 0 1 1 1 0 1 0 1 0 1 0 1 1 0 1 1 1 1 1 1 0 1 0 1 1 1 1 1 1 0 1 1 1 1 0 0 0 0 1 0 1 1 1 0 0 1 1 0 0 1 1 0 0 1 0 1 1 0 1 1 0 1 1 1 1 0 1 0 0 0 1 0 1 1 1 0 1 0 0 0 1 0 1 0 1 1 1 0 0 0 1 0 0 0 0 0 1 0 1 1 1 1 0 1 1 1 1 1 0 1 0 1 0 1 0 1 0 1 1 1 1 0 0 1 0 1 1 0 0 0 1 1 1 0 1 0 1 0 1 0 1 1 0 0 0 0 1 1 0 0 1 1 1 0 0 0 0 0 0 1 0 0 0 1 0 1 0 0 0 1 1 1 0 1
200
200000 200000 200000 200000 200000 200000 200000 200000 200000 200000 200000 200000 200000 200000 200000 200000 200000 200000 200000 200000 200000 200000 200000 200000 200000 200000 200000 200000 200000 200000 200000 200000 200000 200000 200000 200000 200000 200000 200000 200000 200000 200000 200000 200000 200000 200000 200000 200000 200000 200000 200000 200000 200000 200000 200000 200000 200000 200000 200000 200000 200000 200000 200000 200000 200000 200000 200000 200000 200000 200000 200000 200000 200000 200000 200000 200000 200000 200000 200000 200000 200000 200000 200000 200000 200000 200000 200000 200000 200000 200000 200000 200000 200000 200000 200000 200000 200000 200000 200000 200000 200000 200000 200000 200000 200000 200000 200000 200000 200000 200000 200000 200000 200000 200000 200000 200000 200000 200000 200000 200000 200000 200000 200000 200000 200000 200000 200000 200000 200000 200000 200000 200000 200000 200000 200000 200000 200000 200000 200000 200000 200000 200000 200000 200000 200000 200000 200000 200000 200000 200000 200000 200000 200000 200000 200000 200000 200000 200000 200000 200000 200000 200000 200000 200000 200000 200000 200000 200000 200000 200000 200000 200000 200000 200000 200000 200000 200000 200000 200000 200000 200000 200000 200000 200000 200000 200000 200000 200000 200000 200000 200000 200000 200000 200000 200000 200000 200000 200000 200000 200000
200
0 0 0 0 0 0 0 0 0 0 0 0 0 0 0 0 0 0 0 0 0 0 0 0 0 0 0 0 0 0 0 0 0 0 0 0 0 0 0 0 0 0 0 0 0 0 0 0 0 0 0 0 0 0 0 0 0 0 0 0 0 0 0 0 0 0 0 0 0 0 0 0 0 0 0 0 0 0 0 0 0 0 0 0 0 0 0 0 0 0 0 0 0 0 0 0 0 0 0 0 4505 22570 166929 12781 118784 71202 140190 88979 37312 142208 37784 90106 80409 127205 127399 19233 102199 143882 184045 170282 41163 113479 190647 23505 144648 45837 121158 137587 142879 113241 126202 57704 129376 156073 12414 164208 171052 161586 62738 45831 125247 98733 126029 114855 33573 137687 25604 80129 115292 116787 103336 138919 183054 2469 43233 29276 177872 147857 127191 157805 199093 114124 21055 12433 83372 148660 148362 45800 154155 96021 191332 79322 107611 164615 52144 92726 12046 31364 138357 114185 155552 128399 33856 9750 90068 69866 33717 98124 190844 187138 199115 6863 145702 120099 103795 123974 144093 69186 194723 72339
200
0 0 0 0 0 0 0 0 0 0 0 0 0 0 0 0 0 0 0 0 0 0 0 0 0 0 0 0 0 0 0 0 0 0 0 0 0 0 0 0 0 0 0 0 0 0 0 0 0 0 0 0 0 0 0 0 0 0 0 0 0 0 0 0 0 0 0 0 0 0 0 0 0 0 0 0 0 0 0 0 0 0 0 0 0 0 0 0 0 0 0 0 0 0 0 0 0 0 0 0 42028 38167 25177 198216 75086 32249 22351 197412 9651 199676 13779 164530 7622 43387 19679 163203 1663 159889 25922 162441 156448 178081 101998 113801 81059 9278 28148 67754 94816 173589 94503 170623 78147 73125 128648 134039 116702 98843 30923 95200 48994 118619 98888 7263 174156 74979 78048 178851 116086 183961 100665 105457 74218 46157 43289 43041 96872 88369 113711 121861 63623 101609 155882 16536 114638 12113 163019 157724 135335 71059 124406 155162 94345 133762 76516 71171 2006 175352 133556 141352 52184 192494 171996 145439 96393 24989 142403 91060 137920 69423 122066 157762 188219 103492 87462 67956 8135 118821 59165 32426
200
46684 119547 70747 57662 193810 180958 179674 33199 120577 99831 55685 72369 1440 130809 5150 2263 181246 95705 88195 174803 4936 82594 116181 99521 122085 163644 97135 107067 5972 72416 141646 39 126148 139399 186960 93488 75952 83974 1204 198823 20731 10654 168712 109778 22916 33275 3937 130761 68236 188881 19667 141644 156676 146181 10002 128036 162784 73218 12674 141811 178138 151203 103518 81444 5598 188455 36910 61861 73953 137685 106790 80082 104593 136705 407 174793 596 154819 13801 87469 137078 188705 111670 142491 45969 180486 160938 57616 156801 33171 29197 22008 9277 87348 147709 50346 178343 1220 5290 111731 37753 76653 188611 154482 1236 18348 7380 30643 159037 194593 3695 186476 6446 59313 8725 13436 93483 6984 153889 42311 189315 115789 193438 38377 39664 45082 40181 149394 106370 31919 48392 120696 20492 59282 177240 92363 184833 128960 75156 104562 83696 105088 88169 129207 121635 31581 33335 22069 87871 89615 14089 82324 192364 116614 78731 175546 56815 135042 11489 124959 192109 194134 105160 27480 36797 75757 148203 12614 177209 2529 184601 99354 20926 78844 188911 51286 147436 147381 143180 35973 138582 170384 18986 182598 12236 73764 19941 75016 12951 163656 13258 3857 22452 51702 195297 4523 5639 171974 85116 7401
200
8906 25620 671 8357 22143 14823 305 16836 18300 2074 19564 56280 1474 18358 48642 32562 670 36984 40200 4556 6716 19320 506 6302 16698 11178 230 12696 13800 1564 34018 97860 2563 31921 84579 56619 1165 64308 69900 7922 18250 52500 1375 17125 45375 30375 625 34500 37500 4250 42486 122220 3201 39867 105633 70713 1455 80316 87300 9894 49056 141120 3696 46032 121968 81648 1680 92736 100800 11424 11096 31920 836 10412 27588 18468 380 20976 22800 2584 50516 145320 3806 47402 125598 84078 1730 95496 103800 11764 53290 153300 4015 50005 132495 88695 1825 100740 109500 12410 61 134 46 233 125 291 336 76 346 365 146 420 11 137 363 243 5 276 300 34 12306 645 39995 12145 91506 51369 18091 115662 170881 142663 195214 137420 117077 150040 142228 146336 96058 49892 151034 120903 6899 114266 62685 57740 141917 51195 192629 155201 44543 29032 139993 36019 132208 20192 18564 123945 198904 24172 91387 61102 32366 117184 124413 113826 113297 61388 197413 184287 157552 156045 96752 43794 84377 92988 11196 13715 68071 10618 44962 79361 188809 21178 189172 88431 150133 175550 48600 71422 78006 25240 149667 3942 132912 59693 148942 169353 136492 100525 117645 24540
200
165140 111692 13444 99880 63160 187021 52480 78385 15643 524 1999 166350 5116 158586 121456 169491 46925 124119 13486 194892 26930 196269 192163 85214 126273 53024 168783 56079 64071 16491 187856 194854 109866 38689 139103 113888 173414 11427 13560 14426 20896 146199 70051 115633 170058 49560 152229 102582 4185 77502 121440 1377 169665 138553 33403 11238 121183 90468 18436 121666 134682 195768 149387 132529 16593 18194 20077 108960 193514 29474 166815 172605 13977 30684 157341 156483 183552 91175 193582 86355 55860 179643 189585 182959 173859 26711 153950 62097 85310 45040 159764 150207 146938 188717 49998 38517 164964 32306 101098 189908 142685 111942 23187 29348 96638 134804 38768 124681 31413 33730 90548 78957 157382 8098 32860 48173 199384 166126 4848 5962 2963 163188 166187 141780 115189 55205 27617 80149 76831 198163 56654 69242 19149 74775 5539 68305 50366 38810 89586 30301 117971 123187 26172 117773 117056 19811 72961 181683 148204 53340 35745 166659 191866 44382 145433 161429 103461 192866 12727 92554 101596 119542 5945 151367 128638 129704 118776 173925 146607 13030 42833 4800 193288 90610 184038 99777 91836 78434 90827 86921 96030 75045 89821 199156 91496 2551 135402 6586 129384 76163 27194 176963 21209 9216 121013 161937 60254 51884 5612 74414
200
44653 94889 10177 116209 11655 151104 50817 121579 154386 152894 50878 71996 60650 9481 114145 93441 6787 87474 137829 111209 153836 4932 323 19971 190834 55497 145140 20788 53997 136176 3501 81935 48847 63146 72220 161074 178498 125639 167892 104635 85676 69102 115009 7606 108321 186128 146159 51244 167408 16853 15483 192923 144732 47022 4699 130749 158995 137554 151053 74922 198471 44106 65211 163986 71842 132172 39678 11193 177735 113880 189519 181087 66459 50601 38958 164238 12028 36431 146211 54157 178255 122270 191318 180827 196534 171021 95862 141871 74989 194924 38992 108779 71129 138369 168042 145955 128694 18739 44854 34797 87252 124286 28759 132178 64301 149344 112679 187360 16940 19176 121266 38616 161185 46652 4772 195864 79067 189716 104624 192583 112538 55222 109604 77755 65691 7925 76854 187422 19092 65438 135138 56375 159522 80248 51771 94052 163706 170641 67759 76776 36643 194522 164421 52098 143647 68029 150511 104042 88969 40632 152357 30161 172461 17411 61405 61245 150552 29362 99255 10043 22251 173987 69513 7733 138069 91310 23905 146694 56979 29636 164268 37258 189850 35438 39176 187753 194487 180349 164084 187600 194322 95335 125744 4812 132935 197861 18156 52822 99186 87884 78802 123779 156230 63608 73186 81992 168775 135732 67039 69310
200
65772 95508 94500 73332 99792 21924 8316 54432 63252 90972 70308 17640 40455 58745 58125 45105 61380 13485 5115 33480 38905 55955 43245 10850 61857 89823 88875 68967 93852 20619 7821 51192 59487 85557 66123 16590 76734 111426 110250 85554 116424 25578 9702 63504 73794 106134 82026 20580 68382 99298 98250 76242 103752 22794 8646 56592 65762 94582 73098 18340 108837 158043 156375 121347 165132 36279 13761 90072 104667 150537 116343 29190 43326 62914 62250 48306 65736 14442 5478 35856 41666 59926 46314 11620 55593 80727 79875 61983 84348 18531 7029 46008 53463 76893 59427 14910 97092 140988 139500 108252 147312 32364 12276 80352 93372 134292 103788 26040 16704 24256 24000 18624 25344 5568 2112 13824 16064 23104 17856 4480 72819 105741 104625 81189 110484 24273 9207 60264 70029 100719 77841 19530 47502 68978 68250 52962 72072 15834 6006 39312 45682 65702 50778 12740 252 155 237 294 262 417 166 213 372 64 279 182 261 379 375 291 396 87 33 216 251 361 279 70 130483 71122 154259 56534 197439 43621 95071 11160 125868 190716 194268 27556 44935 31654 166544 78215 69473 163272 74115 127431 171260 117239 61868 165685 10543 116945 102347 83412 5150 105430 102118 8816
200
5542 2856 10914 9894 6188 6664 11764 13770 4488 13396 68 14348 20864 10752 41088 37248 23296 25088 44288 51840 16896 50432 256 54016 38142 19656 75114 68094 42588 45864 80964 94770 30888 92196 468 98748 56235 28980 110745 100395 62790 67620 119370 139725 45540 135930 690 145590 45803 23604 90201 81771 51142 55076 97226 113805 37092 110714 562 118582 70579 36372 138993 126003 78806 84868 149818 175365 57156 170602 866 182726 23146 11928 45582 41322 25844 27832 49132 57510 18744 55948 284 59924 35045 18060 69015 62565 39130 42140 74390 87075 28380 84710 430 90730 34556 17808 68052 61692 38584 41552 73352 85860 27984 83528 424 89464 57702 29736 113634 103014 64428 69384 122484 143370 46728 139476 708 149388 71394 36792 140598 127458 79716 85848 151548 177390 57816 172572 876 184836 31622 16296 62274 56454 35308 38024 67124 78570 25608 76436 388 81868 34 128 234 345 281 433 142 215 212 354 438 194 163 84 321 291 182 196 346 405 132 394 2 422 14482 74598 28790 123505 47601 172520 14537 34247 53110 173190 25410 195332 189839 167644 75653 176214 196126 22170 164260 73318 60678 128289 55205 89940 78523 124735 142012 45606 58808 145495 2314 51112
200
65537 65537 65537 65537 131073 131073 65537 131073 65537 131073 65537 131073 131073 65537 131073 131073 65537 65537 65537 131073 131073 131073 131073 131073 65537 131073 131073 131073 131073 65537 131073 131073 65537 65537 65537 65537 131073 131073 131073 131073 65537 131073 65537 65537 65537 131073 131073 131073 131073 131073 131073 131073 65537 65537 131073 65537 131073 65537 131073 65537 131073 131073 131073 131073 131073 65537 131073 65537 131073 65537 65537 65537 65537 65537 131073 131073 131073 65537 131073 65537 65537 131073 131073 65537 65537 65537 131073 65537 65537 131073 131073 131073 131073 65537 65537 131073 131073 65537 131073 65537 65537 65537 65537 65537 131073 65537 131073 131073 131073 131073 65537 131073 131073 65537 131073 131073 131073 65537 65537 65537 131073 65537 65537 65537 131073 65537 65537 65537 65537 65537 65537 65537 65537 131073 131073 131073 131073 131073 65537 65537 65537 131073 65537 65537 131073 131073 131073 131073 131073 65537 131073 131073 131073 65537 65537 131073 131073 65537 131073 131073 65537 131073 131073 65537 65537 131073 131073 131073 65537 131073 131073 65537 65537 65537 65537 65537 131073 131073 65537 131073 65537 131073 65537 131073 131073 131073 131073 65537 65537 131073 65537 131073 65537 65537 131073 131073 65537 131073 131073 65537
200
154646 3776 40726 4905 22274 159882 148855 45296 103603 15041 145889 182764 145853 65393 150622 172223 178838 135548 63301 24114 70457 5924 111944 153115 184898 153048 147074 119531 93407 25508 42642 79375 100974 162803 57576 20684 69346 194184 23777 146529 117747 136421 40651 15486 170547 145325 174600 83599 183070 197319 132277 170588 140683 184840 172461 199216 16270 32967 10388 179996 99956 18023 148922 106969 154994 67068 155224 59357 562 147988 118377 70149 127422 160529 83713 66628 16254 51158 121185 49922 47327 197693 170187 195576 120842 52020 143903 191938 102738 70713 59139 166516 34760 37503 23836 11893 153980 17312 83693 19806 46693 71120 40572 36191 82481 181284 3671 181530 164060 137716 117219 107337 68408 53013 160810 70840 141388 95242 76024 78519 116447 61226 75076 157380 84268 75902 151699 18885 77632 150005 32238 175949 46484 9590 132292 60259 57687 179395 11949 70643 121056 78499 72299 37701 164164 167190 15378 94617 78841 58517 41272 142726 41634 196827 33573 113043 78831 76809 50999 80840 28709 82312 16517 176874 29983 154719 84755 151462 30237 86102 129388 116420 118238 5207 84880 116493 48964 52042 16051 167891 60926 73982 61589 19866 144193 66947 9920 58866 43576 144548 22829 127919 30596 35007 29593 59552 12516 106615 157327 48685
200
1 0 1 0 1 0 0 0 1 0 1 0 0 1 1 0 0 1 1 0 0 0 0 0 0 1 1 1 1 0 0 1 1 1 0 1 1 0 1 1 0 1 0 0 1 0 1 1 1 1 0 0 0 0 1 1 1 1 1 1 1 1 0 1 1 1 1 0 0 1 1 0 1 0 1 0 1 0 1 0 0 1 0 1 0 0 1 1 0 1 0 1 0 1 0 0 0 1 0 1 1 0 0 0 1 0 1 0 1 1 1 1 1 0 0 1 1 0 1 0 0 0 0 1 0 0 0 0 1 1 0 1 1 0 1 1 1 0 1 1 1 0 0 0 1 1 0 1 0 1 1 1 1 1 1 1 1 0 1 1 1 1 0 0 0 1 1 0 1 1 0 0 1 1 1 0 0 0 1 0 0 1 0 0 1 1 0 0 1 1 1 0 0 1 0 0 0 0 1 0
200
153469 190976 129489 629 70576 116700 95899 40801 125224 1004 18437 147423 108791 131611 141033 106716 136869 145864 39209 58338 164216 190631 178191 148444 49042 113672 6804 29310 31495 29730 194085 45114 173071 46981 103391 82415 180766 88084 167903 101904 38546 103828 10048 33125 7799 51563 170605 1044 101646 160751 45858 179457 147698 6267 5170 120734 107357 75445 132944 155971 24295 84393 93471 127896 72085 7161 102722 51078 31023 35229 82398 20110 104404 106137 15727 49793 113742 70734 187130 102372 62913 28275 117479 146771 60300 32641 39729 33741 76644 90883 77714 35845 15179 163015 79749 7818 154658 32948 32040 193645 109250 76279 153352 167602 15963 27355 107090 26447 91121 51078 190497 42987 121158 119518 115416 150071 69177 46273 113665 20886 20495 148314 100567 2731 110994 95941 143340 50772 7676 52753 2831 17466 73392 188941 33847 187427 104383 117351 9801 64818 107940 180703 64829 17669 101385 150075 134957 67379 146346 162136 34546 157390 173296 85379 98050 116794 104627 93119 74370 131542 33014 61422 104478 919 174779 192402 147957 80157 13275 153807 102985 33371 15237 60118 81834 10826 611 182228 89760 110930 184187 115322 48734 15313 163940 126192 290 87400 151475 143248 8374 32617 13867 195806 87429 56254 14802 21098 126296 117063
200
6101 143011 185639 133761 22929 152645 73808 131239 57970 88626 96024 15972 132632 79398 114724 125065 94044 62372 160610 190673 133018 54263 153293 101329 44305 170062 137959 36244 51888 139565 112475 46359 15870 182401 21543 88713 193515 20040 89558 24048 13958 11696 144861 2132 198360 190716 185076 88973 130604 2275 17770 13465 198547 129457 140540 43927 17950 131343 176062 68416 51070 54906 168581 123368 82399 160139 167294 104708 63777 105046 49457 116581 123302 43580 117222 199039 119277 55760 17252 187490 96937 7527 191648 181586 128926 119764 145807 50275 155946 130040 46809 54891 144464 182045 60958 83245 9724 169468 185993 17641 175921 8002 74926 99624 14980 32618 193984 113275 120606 88010 87714 48004 194784 43834 160015 180600 28569 179212 13530 66696 14636 147504 56624 83601 187852 42076 65197 9200 138918 95540 14038 89538 94567 194404 175951 17225 141200 110393 119742 6937 76448 63270 148795 101735 23882 65909 8671 75818 68156 149466 178399 46029 49394 117887 46459 100809 61489 184327 58300 52773 26725 188986 74911 51537 157572 106779 68856 96165 31729 182206 61181 59115 81805 97925 119647 7799 58687 41877 153272 13797 192523 74128 16924 163169 184873 103066 18532 55114 116113 26422 29112 33326 112425 109819 82956 67334 14425 74838 84794 149983
200
73320 90740 89960 67600 32240 67080 520 35620 93340 80370 99465 98610 74100 35340 73530 570 39045 102315 67680 83760 83040 62400 29760 61920 480 32880 86160 27918 34551 34254 25740 12276 25542 198 13563 35541 114774 142043 140822 105820 50468 105006 814 55759 146113 67398 83411 82694 62140 29636 61662 478 32743 85801 51888 64216 63664 47840 22816 47472 368 25208 66056 86292 106794 105876 79560 37944 78948 612 41922 109854 36942 45719 45326 34060 16244 33798 262 17947 47029 260 285 240 99 407 239 184 306 131 282 349 346 260 124 258 2 137 359 40603 88781 71979 154743 112805 89130 87803 3978 75767 9815 45669 60204 8503 124258 116358 7030 176728 134946 13173 93095 86887 127346 123089 145327 34809 120345 58222 77322 73151 153909 71775 92480 79766 60374 162541 153452 106134 66431 53720 70640 141872 134642 41782 65154 129608 77761 2638 48317 15546 140991 126440 175700 78879 20066 72048 78927 61673 193817 158817 143759 42217 140981 3391 105715 51935 151307 116687 181822 117325 40281 40281 157817 249 99122 127293 199723 101120 181580 273 137087 23829 62592 108267 47026 77179 133758 160507 185750 116146 198751 158696 23393 176672 158101 52001 127697 149682 60484 175367 66302 33719
3
65537 65537 131073
200
30016 5226 56950 34036 1340 39664 28676 13266 49982 47704 43456 7566 82450 49276 1940 57424 41516 19206 72362 69064 35392 6162 67150 40132 1580 46768 33812 15642 58934 56248 5600 975 10625 6350 250 7400 5350 2475 9325 8900 62048 10803 117725 70358 2770 81992 59278 27423 103321 98612 40096 6981 76075 45466 1790 52984 38306 17721 66767 63724 25312 4407 48025 28702 1130 33448 24182 11187 42149 40228 86240 15015 163625 97790 3850 113960 82390 38115 143605 137060 35840 6240 68000 40640 1600 47360 34240 15840 59680 56960 70112 12207 133025 79502 3130 92648 66982 30987 116749 111428 134 194 158 25 277 179 113 385 160 313 224 39 425 254 10 296 214 99 373 356 183409 161069 171902 118603 92179 114321 175776 190685 180382 109599 172304 169302 118676 25904 73187 108304 52944 47272 183492 34716 62752 138854 145264 156532 59884 107834 163883 197636 127668 141823 72588 181319 21574 96172 169872 145126 121299 175192 64632 174100 75735 173308 112491 125255 62506 30312 128618 149116 7829 49696 2106 188408 185831 30965 199457 1436 103637 183653 97525 169911 26655 69153 138929 87507 156744 135096 72603 35364 21838 161478 182769 172870 130651 103103 196682 102225 46718 5168 102024 11005
